  0.00 0.0000
  0.01 0.0000
  0.02 0.0000
  0.03 0.0000
  0.04 0.0000
  0.05 0.0000
  0.06 0.0000
  0.07 0.0000
  0.08 0.0000
  0.09 0.0000
  0.10 0.0000
  0.11 0.0333
  0.12 0.0667
  0.13 0.1000
  0.14 0.1333
  0.15 0.1667
  0.16 0.2000
  0.17 0.2333
  0.18 0.2667
  0.19 0.3000
  0.20 0.3333
  0.21 0.3667
  0.22 0.4000
  0.23 0.4333
  0.24 0.4667
  0.25 0.5000
  0.26 0.5333
  0.27 0.5667
  0.28 0.6000
  0.29 0.6333
  0.30 0.6667
  0.31 0.7000
  0.32 0.7333
  0.33 0.7667
  0.34 0.8000
  0.35 0.8333
  0.36 0.8667
  0.37 0.9000
  0.38 0.9333
  0.39 0.9667
  0.40 1.0000
  0.41 1.0000
  0.42 1.0000
  0.43 1.0000
  0.44 1.0000
  0.45 1.0000
  0.46 1.0000
  0.47 1.0000
  0.48 1.0000
  0.49 1.0000
  0.50 1.0000
